 1.000 0.998 0.991 0.980 0.963 0.942 0.917 0.889 0.860 0.830 0.801 0.774 0.748 0.725 0.703 0.684 0.666 0.620
 0.998 1.000 0.998 0.990 0.978 0.961 0.940 0.916 0.890 0.863 0.837 0.811 0.788 0.766 0.746 0.727 0.710 0.666
 0.991 0.998 1.000 0.997 0.990 0.977 0.961 0.941 0.918 0.894 0.871 0.848 0.826 0.806 0.787 0.770 0.754 0.713
 0.980 0.990 0.997 1.000 0.997 0.990 0.978 0.962 0.943 0.923 0.902 0.882 0.862 0.844 0.827 0.811 0.796 0.757
 0.963 0.978 0.990 0.997 1.000 0.997 0.990 0.978 0.964 0.947 0.930 0.912 0.895 0.879 0.863 0.849 0.835 0.799
 0.942 0.961 0.977 0.990 0.997 1.000 0.998 0.991 0.980 0.967 0.953 0.938 0.924 0.910 0.897 0.884 0.872 0.838
 0.917 0.940 0.961 0.978 0.990 0.998 1.000 0.998 0.992 0.983 0.972 0.960 0.948 0.936 0.925 0.914 0.903 0.873
 0.889 0.916 0.941 0.962 0.978 0.991 0.998 1.000 0.998 0.993 0.985 0.976 0.967 0.957 0.948 0.938 0.929 0.902
 0.860 0.890 0.918 0.943 0.964 0.980 0.992 0.998 1.000 0.998 0.994 0.988 0.981 0.973 0.965 0.957 0.949 0.926
 0.830 0.863 0.894 0.923 0.947 0.967 0.983 0.993 0.998 1.000 0.999 0.995 0.990 0.985 0.978 0.972 0.965 0.944
 0.801 0.837 0.871 0.902 0.930 0.953 0.972 0.985 0.994 0.999 1.000 0.999 0.996 0.992 0.988 0.982 0.977 0.959
 0.774 0.811 0.848 0.882 0.912 0.938 0.960 0.976 0.988 0.995 0.999 1.000 0.999 0.997 0.994 0.990 0.985 0.971
 0.748 0.788 0.826 0.862 0.895 0.924 0.948 0.967 0.981 0.990 0.996 0.999 1.000 0.999 0.997 0.995 0.991 0.979
 0.725 0.766 0.806 0.844 0.879 0.910 0.936 0.957 0.973 0.985 0.992 0.997 0.999 1.000 0.999 0.998 0.996 0.986
 0.703 0.746 0.787 0.827 0.863 0.897 0.925 0.948 0.965 0.978 0.988 0.994 0.997 0.999 1.000 1.000 0.998 0.991
 0.684 0.727 0.770 0.811 0.849 0.884 0.914 0.938 0.957 0.972 0.982 0.990 0.995 0.998 1.000 1.000 1.000 0.995
 0.666 0.710 0.754 0.796 0.835 0.872 0.903 0.929 0.949 0.965 0.977 0.985 0.991 0.996 0.998 1.000 1.000 0.997
 0.620 0.666 0.713 0.757 0.799 0.838 0.873 0.902 0.926 0.944 0.959 0.971 0.979 0.986 0.991 0.995 0.997 1.000
