 1.000 1.000 0.999 0.998 0.997 0.995 0.991 0.986 0.977 0.965 0.949 0.928 0.902 0.873 0.841 0.809 0.777 0.698
 1.000 1.000 1.000 0.999 0.998 0.996 0.993 0.988 0.980 0.969 0.953 0.932 0.907 0.878 0.847 0.815 0.784 0.706
 0.999 1.000 1.000 1.000 0.999 0.997 0.995 0.990 0.983 0.972 0.957 0.938 0.913 0.885 0.855 0.823 0.793 0.716
 0.998 0.999 1.000 1.000 1.000 0.999 0.997 0.993 0.986 0.976 0.962 0.944 0.920 0.893 0.864 0.833 0.804 0.728
 0.997 0.998 0.999 1.000 1.000 1.000 0.998 0.995 0.990 0.981 0.968 0.950 0.928 0.903 0.874 0.845 0.816 0.743
 0.995 0.996 0.997 0.999 1.000 1.000 0.999 0.997 0.993 0.986 0.974 0.958 0.938 0.913 0.887 0.859 0.831 0.760
 0.991 0.993 0.995 0.997 0.998 0.999 1.000 0.999 0.996 0.991 0.981 0.967 0.948 0.926 0.901 0.875 0.848 0.780
 0.986 0.988 0.990 0.993 0.995 0.997 0.999 1.000 0.999 0.995 0.988 0.976 0.960 0.940 0.917 0.892 0.868 0.803
 0.977 0.980 0.983 0.986 0.990 0.993 0.996 0.999 1.000 0.999 0.994 0.985 0.972 0.954 0.934 0.912 0.889 0.829
 0.965 0.969 0.972 0.976 0.981 0.986 0.991 0.995 0.999 1.000 0.998 0.993 0.983 0.969 0.951 0.932 0.912 0.857
 0.949 0.953 0.957 0.962 0.968 0.974 0.981 0.988 0.994 0.998 1.000 0.998 0.992 0.982 0.968 0.952 0.934 0.885
 0.928 0.932 0.938 0.944 0.950 0.958 0.967 0.976 0.985 0.993 0.998 1.000 0.998 0.992 0.981 0.969 0.954 0.912
 0.902 0.907 0.913 0.920 0.928 0.938 0.948 0.960 0.972 0.983 0.992 0.998 1.000 0.998 0.992 0.983 0.972 0.937
 0.873 0.878 0.885 0.893 0.903 0.913 0.926 0.940 0.954 0.969 0.982 0.992 0.998 1.000 0.998 0.993 0.985 0.957
 0.841 0.847 0.855 0.864 0.874 0.887 0.901 0.917 0.934 0.951 0.968 0.981 0.992 0.998 1.000 0.998 0.994 0.974
 0.809 0.815 0.823 0.833 0.845 0.859 0.875 0.892 0.912 0.932 0.952 0.969 0.983 0.993 0.998 1.000 0.999 0.985
 0.777 0.784 0.793 0.804 0.816 0.831 0.848 0.868 0.889 0.912 0.934 0.954 0.972 0.985 0.994 0.999 1.000 0.993
 0.698 0.706 0.716 0.728 0.743 0.760 0.780 0.803 0.829 0.857 0.885 0.912 0.937 0.957 0.974 0.985 0.993 1.000
